[
  -0.026372306048870087,
  0.023910347372293472,
  -0.037661366164684296,
  0.08462963998317719,
  0.022790292277932167,
  0.010963572189211845,
  -0.049227915704250336,
  0.04264222830533981,
  0.003837290918454528,
  0.10344456136226654,
  0.05101901665329933,
  0.09284912049770355,
  -0.021616028621792793,
  0.0301289614289999,
  -0.04914635419845581,
  0.007744131609797478,
  0.05654279515147209,
  0.044370267540216446,
  -0.001013695145957172,
  -0.013419892638921738,
  -0.04070775583386421,
  0.06657613068819046,
  0.039598431438207626,
  -0.08012352138757706,
  -0.03963295370340347,
  -0.05255052447319031,
  0.03695041313767433,
  0.06164519488811493,
  0.024517610669136047,
  -0.006874952930957079,
  -0.039389774203300476,
  -0.02434416487812996,
  0.06538144499063492,
  -0.026097502559423447,
  -0.007388522382825613,
  -0.013435936532914639,
  -0.05572307109832764,
  -0.05988434702157974,
  -0.018746966496109962,
  0.0018933378159999847,
  -0.04089861363172531,
  0.003985741175711155,
  0.06673075258731842,
  -0.007480301428586245,
  0.02905968204140663,
  0.0625830665230751,
  0.027574097737669945,
  0.029800035059452057,
  -0.02593950554728508,
  0.025196880102157593,
  0.02161126583814621,
  -0.03448709100484848,
  0.07002686709165573,
  -0.02821739763021469,
  -0.022041762247681618,
  -0.014326134696602821,
  -0.04763202741742134,
  0.09225434064865112,
  -0.021725745871663094,
  -0.03316200152039528,
  0.02152552641928196,
  0.038793954998254776,
  0.0058290837332606316,
  0.022583581507205963,
  -0.03900643810629845,
  0.01936435140669346,
  0.028795504942536354,
  -0.015128947794437408,
  0.036139629781246185,
  0.04759546369314194,
  0.06954044848680496,
  0.030150068923830986,
  0.01545250229537487,
  0.037751972675323486,
  -0.04076205566525459,
  -0.003440460190176964,
  -0.0033866281155496836,
  0.003556341165676713,
  0.006404913030564785,
  0.025893520563840866,
  0.06373685598373413,
  0.05059313401579857,
  -0.02470369078218937,
  -0.005435508210211992,
  0.0091102859005332,
  0.031062422320246696,
  0.028177620843052864,
  0.0032546890433877707,
  -0.03412935510277748,
  -0.012075909413397312,
  -0.02182028815150261,
  -0.008066996932029724,
  0.027569536119699478,
  -0.07047510892152786,
  0.022624056786298752,
  0.09824392199516296,
  0.020205147564411163,
  0.09160465002059937,
  -0.015576856210827827,
  0.014860148541629314,
  0.036381375044584274,
  0.018173901364207268,
  -0.0050085983239114285,
  0.014704126864671707,
  -0.03551130369305611,
  0.018460484221577644,
  0.06010407954454422,
  -0.010869244113564491,
  0.019118351861834526,
  0.013605959713459015,
  0.024545490741729736,
  -0.07200441509485245,
  0.003897173795849085,
  -0.06045003980398178,
  0.0009288642322644591,
  -0.022788366302847862,
  0.05562727525830269,
  0.055081114172935486,
  0.04924767091870308,
  0.05463770404458046,
  -0.014451446011662483,
  -0.03319849818944931,
  -0.02144850604236126,
  -0.05892421305179596,
  -0.0652875304222107,
  -0.05609222128987312,
  0.05263359099626541,
  0.015374379232525826,
  -0.06681132316589355,
  -0.033868204802274704,
  -0.014625022187829018,
  -0.04451671242713928,
  0.006301556713879108,
  -0.04842887446284294,
  -0.08389999717473984,
  0.008828429505228996,
  -0.04015611484646797,
  0.04244758561253548,
  0.06833742558956146,
  0.08431166410446167,
  0.019425395876169205,
  0.045725755393505096,
  0.019779779016971588,
  -0.0029892968013882637,
  0.0007022770005278289,
  0.018660536035895348,
  -0.016496209427714348,
  0.017836827784776688,
  -0.020746545866131783,
  0.009538428857922554,
  0.050318267196416855,
  0.03346608206629753,
  -0.07556820660829544,
  0.08755569159984589,
  0.012578470632433891,
  -0.042756326496601105,
  -0.07085278630256653,
  -0.049574896693229675,
  -0.05048598349094391,
  -0.048317283391952515,
  0.05993795767426491,
  0.06833729892969131,
  0.038306646049022675,
  0.06767082214355469,
  0.028886660933494568,
  -0.05561038851737976,
  0.008425693027675152,
  -0.04207581281661987,
  -0.045722611248493195,
  0.06308303773403168,
  -0.09345834702253342,
  0.005096176639199257,
  -0.015214689075946808,
  -0.02128288336098194,
  0.005691553466022015,
  0.032583124935626984,
  0.02428966574370861,
  0.03958824276924133,
  0.0144819850102067,
  -0.03562583029270172,
  -0.07452855259180069,
  -0.04742080345749855,
  -0.039566706866025925,
  0.059955086559057236,
  0.03177085518836975,
  -0.01217575278133154,
  0.033969126641750336,
  0.008278277702629566,
  0.028948720544576645,
  0.07686647772789001,
  0.04111876338720322,
  0.044635578989982605,
  0.05343029275536537,
  0.016935665160417557,
  0.07582388073205948,
  0.016143610700964928,
  -0.024059973657131195,
  -0.03395724669098854,
  -0.009519738145172596,
  0.01501211803406477,
  0.04199450835585594,
  0.006524506490677595,
  -0.01181527879089117,
  -0.0545947439968586,
  0.0150685403496027,
  0.006222245749086142,
  0.020637013018131256,
  -0.023411933332681656,
  -0.04661758244037628,
  0.010772602632641792,
  -0.02407444268465042,
  0.0249098539352417,
  -0.016461700201034546,
  -0.04128732159733772,
  -0.0183388814330101,
  0.03237167000770569,
  -0.038053955882787704,
  0.0375523678958416,
  -0.05745972320437431,
  0.05937923118472099,
  -0.0016736580291762948,
  0.013877391815185547,
  0.04158283397555351,
  0.014121967367827892,
  0.01358317956328392,
  0.007374222856014967,
  0.0057921945117414,
  -0.029430346563458443,
  -0.0053644608706235886,
  0.03348131850361824,
  0.08505408465862274,
  -0.045656219124794006,
  0.05998177453875542,
  -0.04725039005279541,
  -0.09711116552352905,
  0.01256868802011013,
  0.029254326596856117,
  -0.01734178513288498,
  -0.015864308923482895,
  0.07311191409826279,
  0.002276479033753276,
  0.007702602073550224,
  0.017904043197631836,
  -0.0328172892332077,
  0.017322219908237457,
  0.027292370796203613,
  -0.07317360490560532,
  -0.003631535219028592,
  0.06641917675733566,
  0.03743749484419823,
  -0.08696078509092331,
  0.0033630954567342997,
  0.00743678817525506,
  0.06619159132242203,
  -0.037315867841243744,
  0.057974472641944885,
  0.00036369223380461335,
  0.03847268596291542,
  0.0518631786108017,
  0.06123971566557884,
  -0.047866858541965485,
  0.010432415641844273,
  0.04149606078863144,
  -0.06445237994194031,
  -0.019216950982809067,
  -0.021962670609354973,
  0.0015262323431670666,
  0.0426352433860302,
  0.05848000571131706,
  -0.01880909502506256,
  0.039893947541713715,
  0.002463069511577487,
  0.043038371950387955,
  0.03200593963265419,
  0.013073205947875977,
  0.004152053967118263,
  0.00062271993374452,
  0.035098254680633545,
  0.00457029091194272,
  0.01393546350300312,
  0.061057109385728836,
  0.0321512334048748,
  -0.031215883791446686,
  -0.09563339501619339,
  0.019930975511670113,
  -0.022710833698511124,
  0.03759579360485077,
  0.09850198030471802,
  -0.08707758784294128,
  -0.045882970094680786,
  0.02633141539990902,
  -0.045241035521030426,
  -0.019882669672369957,
  -0.0027568417135626078,
  -0.08598753809928894,
  -0.07442779839038849,
  -0.008039313368499279,
  0.06148890405893326,
  0.048247262835502625,
  -0.041813816875219345,
  0.052136942744255066,
  0.019924702122807503,
  -0.020595906302332878,
  -0.00707143172621727,
  0.06591743230819702,
  -0.01027821283787489,
  0.012807099148631096,
  -0.017927326261997223,
  -0.06862930953502655,
  0.030562490224838257,
  0.015678051859140396,
  0.055010996758937836,
  -0.03770964965224266,
  0.03421158343553543,
  0.07173862308263779,
  0.02609434351325035,
  -0.02195545844733715,
  0.01091063767671585,
  0.03787446394562721,
  -0.03106006421148777,
  0.07002434879541397,
  -0.056497566401958466,
  0.010604160837829113,
  0.01896313950419426,
  0.015559548512101173,
  0.011622260324656963,
  0.006100841332226992,
  0.015647731721401215,
  0.08312807232141495,
  0.015275922603905201,
  0.0496513769030571,
  0.057827070355415344,
  -0.045864179730415344,
  0.028663987293839455,
  0.018422594293951988,
  0.10189000517129898,
  -0.00860737357288599,
  -0.03040635585784912,
  -0.048422615975141525,
  -0.023887304589152336,
  0.09215418249368668,
  0.06931982189416885,
  0.0197696965187788,
  0.0069619035348296165,
  0.019836286082863808,
  0.022078584879636765,
  -0.08205870538949966,
  0.027259282767772675,
  0.06631896644830704,
  0.02864500693976879,
  0.0338493175804615,
  -0.05518151447176933,
  -0.04351085051894188,
  0.07894675433635712,
  -0.02870817296206951,
  -0.03825046494603157,
  0.042344532907009125,
  0.07820797711610794,
  0.026628369465470314,
  0.00977267511188984,
  -0.03612019494175911,
  -0.016766060143709183,
  -0.04042073339223862,
  -0.004061365965753794,
  -0.023906491696834564,
  -0.00034798868000507355,
  -0.005405924282968044,
  -0.009706920944154263,
  -0.017277183011174202,
  -0.014488596469163895,
  -0.08020072430372238,
  0.001740221749059856,
  -0.05618209019303322,
  0.040614526718854904,
  0.06519561260938644,
  0.11517270654439926,
  -0.04840809851884842,
  0.07707151770591736,
  -0.05398440733551979,
  0.01832614839076996,
  -0.0010131633607670665,
  0.039838530123233795,
  -0.03209124878048897,
  -0.015467401593923569,
  0.041590262204408646,
  -0.04139109328389168,
  -0.0006741532124578953,
  0.009815426543354988,
  -0.05312834307551384,
  -0.016124874353408813,
  -0.007798800244927406,
  0.0017511580372229218,
  -0.03202516585588455,
  -0.06748723238706589,
  0.023207712918519974,
  -0.01360552478581667,
  0.010391137562692165,
  -0.005824771709740162,
  0.10440332442522049,
  0.06144028902053833,
  -0.001631453400477767,
  -0.02271037921309471,
  0.01791238784790039,
  0.006329952273517847,
  0.041209060698747635,
  0.008380049839615822,
  -0.011671572923660278,
  -0.018909437581896782,
  0.05105418711900711,
  -0.07576078176498413,
  0.02071698196232319,
  -0.03803206980228424,
  0.06376191973686218,
  0.04582285135984421,
  0.00839607696980238,
  -0.01063221599906683,
  0.08141565322875977,
  0.13093140721321106,
  -0.05961061641573906,
  -0.00649641826748848,
  0.11251407861709595,
  0.037111274898052216,
  0.0871470496058464,
  0.05103248730301857,
  -0.004264415707439184,
  0.02369682304561138,
  0.028104206547141075,
  0.036796607077121735,
  -0.014444055035710335,
  -0.07374066114425659,
  -0.0631658285856247,
  0.012716326862573624,
  -0.024212954565882683,
  -0.06687584519386292,
  -0.02293652668595314,
  0.020251503214240074,
  -0.07702228426933289,
  -0.06546016782522202,
  -0.03112984076142311,
  -0.03472468629479408,
  -0.05034658685326576,
  -0.043599970638751984,
  -0.01584169641137123,
  0.0675763487815857,
  -0.08198413997888565,
  0.004663604777306318,
  -0.02713557332754135,
  0.05794783681631088,
  -0.060154519975185394,
  -0.060337912291288376,
  0.08407140523195267,
  0.03359334170818329,
  0.033417653292417526,
  0.012773480266332626,
  -0.015657920390367508,
  -0.04066147655248642,
  0.010948198847472668,
  0.020119404420256615,
  0.03708034008741379,
  0.026453789323568344,
  -0.03612697869539261,
  -0.0063621667213737965,
  -0.018228614702820778,
  0.05621843412518501,
  0.060287956148386,
  0.035219449549913406,
  0.01231421995908022,
  -0.032020241022109985,
  0.014100411906838417,
  -0.0045308684930205345,
  0.02363445796072483,
  -0.01882784627377987,
  0.09747523069381714,
  -0.053185153752565384,
  -0.08423858135938644,
  0.056354522705078125,
  0.052942872047424316,
  -0.01703808456659317,
  0.11807524412870407,
  0.0436423197388649,
  0.040177054703235626,
  0.0461517833173275,
  -0.06402245163917542,
  0.009956805035471916,
  -0.050893377512693405,
  -0.03741668537259102,
  -0.06099451705813408,
  0.09619343280792236,
  0.01110550295561552,
  -0.04532608389854431,
  0.019687950611114502,
  0.028595825657248497,
  -0.05540813133120537,
  -0.04807709902524948,
  0.04733837768435478,
  -0.07062636315822601,
  0.06878197193145752,
  -0.0029917864594608545,
  -0.02334965392947197,
  -0.05892210081219673,
  -0.023251350969076157,
  0.0849807932972908,
  -0.01045450009405613,
  0.007805328816175461,
  -0.035035643726587296,
  0.01896076463162899,
  -0.04271595552563667,
  -0.026832396164536476,
  -0.03278874233365059,
  -0.04833332449197769,
  -0.004219368565827608,
  0.022196399047970772
]